octave:201> simplex_method_customized(A, b, c, true)
M_aux =

   1   1   1   1   0   0   0   0   0   0   0   0   0   0   0   0   0   0   1
   1   1   1   0   1   0   0   0   0   0   0   0   0   0   0   0   0   0   0
   0   1   1   1   0   1   0   0   0   0   0   0   0   0   0   0   0   0   0
   1   0   1   1   0   0   1   0   0   0   0   0   0   0   0   0   0   0   0
   1   1   0   1   0   0   0   1   0   0   0   0   0   0   0   0   0   0   0
   1   1   0   0   0   0   0   0   1   0   0   0   0   0   0   0   0   0   0
   0   1   1   0   0   0   0   0   0   1   0   0   0   0   0   0   0   0   0
   0   0   1   1   0   0   0   0   0   0   1   0   0   0   0   0   0   0   0
   1   0   1   0   0   0   0   0   0   0   0   1   0   0   0   0   0   0   0
   0   1   0   1   0   0   0   0   0   0   0   0   1   0   0   0   0   0   0
   1   0   0   1   0   0   0   0   0   0   0   0   0   1   0   0   0   0   0
   1   0   0   0   0   0   0   0   0   0   0   0   0   0   1   0   0   0   0
   0   1   0   0   0   0   0   0   0   0   0   0   0   0   0   1   0   0   0
   0   0   1   0   0   0   0   0   0   0   0   0   0   0   0   0   1   0   0
   0   0   0   1   0   0   0   0   0   0   0   0   0   0   0   0   0   1   0

c_aux =

   0   0   0   0   0   0   0   0   0   0   0   0   0   0   0   0   0   0   1

basis_aux =

    5    6    7    8    9   10   11   12   13   14   15   16   17   18   19

starting!
*******************************************
iteration 1
c =

   0   0   0   0   0   0   0   0   0   0   0   0   0   0   0   0   0   0   1

b =

   10    9    9    9    9    7    7    7    7    7    7    4    4    4    4

current_value = 0
basis =

    5    6    7    8    9   10   11   12   13   14   15   16   17   18   19

M =

   1   1   1   1   0   0   0   0   0   0   0   0   0   0   0   0   0   0   1
   1   1   1   0   1   0   0   0   0   0   0   0   0   0   0   0   0   0   0
   0   1   1   1   0   1   0   0   0   0   0   0   0   0   0   0   0   0   0
   1   0   1   1   0   0   1   0   0   0   0   0   0   0   0   0   0   0   0
   1   1   0   1   0   0   0   1   0   0   0   0   0   0   0   0   0   0   0
   1   1   0   0   0   0   0   0   1   0   0   0   0   0   0   0   0   0   0
   0   1   1   0   0   0   0   0   0   1   0   0   0   0   0   0   0   0   0
   0   0   1   1   0   0   0   0   0   0   1   0   0   0   0   0   0   0   0
   1   0   1   0   0   0   0   0   0   0   0   1   0   0   0   0   0   0   0
   0   1   0   1   0   0   0   0   0   0   0   0   1   0   0   0   0   0   0
   1   0   0   1   0   0   0   0   0   0   0   0   0   1   0   0   0   0   0
   1   0   0   0   0   0   0   0   0   0   0   0   0   0   1   0   0   0   0
   0   1   0   0   0   0   0   0   0   0   0   0   0   0   0   1   0   0   0
   0   0   1   0   0   0   0   0   0   0   0   0   0   0   0   0   1   0   0
   0   0   0   1   0   0   0   0   0   0   0   0   0   0   0   0   0   1   0

B =

   0   0   0   0   0   0   0   0   0   0   0   0   0   0   1
   1   0   0   0   0   0   0   0   0   0   0   0   0   0   0
   0   1   0   0   0   0   0   0   0   0   0   0   0   0   0
   0   0   1   0   0   0   0   0   0   0   0   0   0   0   0
   0   0   0   1   0   0   0   0   0   0   0   0   0   0   0
   0   0   0   0   1   0   0   0   0   0   0   0   0   0   0
   0   0   0   0   0   1   0   0   0   0   0   0   0   0   0
   0   0   0   0   0   0   1   0   0   0   0   0   0   0   0
   0   0   0   0   0   0   0   1   0   0   0   0   0   0   0
   0   0   0   0   0   0   0   0   1   0   0   0   0   0   0
   0   0   0   0   0   0   0   0   0   1   0   0   0   0   0
   0   0   0   0   0   0   0   0   0   0   1   0   0   0   0
   0   0   0   0   0   0   0   0   0   0   0   1   0   0   0
   0   0   0   0   0   0   0   0   0   0   0   0   1   0   0
   0   0   0   0   0   0   0   0   0   0   0   0   0   1   0

N =

   1   1   1   1
   1   1   1   0
   0   1   1   1
   1   0   1   1
   1   1   0   1
   1   1   0   0
   0   1   1   0
   0   0   1   1
   1   0   1   0
   0   1   0   1
   1   0   0   1
   1   0   0   0
   0   1   0   0
   0   0   1   0
   0   0   0   1

B_inv =

  -0   1   0   0   0   0   0   0   0   0   0   0   0   0   0
  -0   0   1   0   0   0   0   0   0   0   0   0   0   0   0
  -0   0   0   1   0   0   0   0   0   0   0   0   0   0   0
  -0   0   0   0   1   0   0   0   0   0   0   0   0   0   0
  -0   0   0   0   0   1   0   0   0   0   0   0   0   0   0
  -0   0   0   0   0   0   1   0   0   0   0   0   0   0   0
  -0   0   0   0   0   0   0   1   0   0   0   0   0   0   0
  -0   0   0   0   0   0   0   0   1   0   0   0   0   0   0
  -0   0   0   0   0   0   0   0   0   1   0   0   0   0   0
  -0   0   0   0   0   0   0   0   0   0   1   0   0   0   0
  -0   0   0   0   0   0   0   0   0   0   0   1   0   0   0
  -0   0   0   0   0   0   0   0   0   0   0   0   1   0   0
  -0   0   0   0   0   0   0   0   0   0   0   0   0   1   0
  -0   0   0   0   0   0   0   0   0   0   0   0   0   0   1
   1   0   0   0   0   0   0   0   0   0   0   0   0   0   0

lambda =

   1   0   0   0   0   0   0   0   0   0   0   0   0   0   0

reduced_cost =

  -1  -1  -1  -1   0   0   0   0   0   0   0   0   0   0   0   0   0   0   0

value =  10
enters column:
 1
exits column:
 15
--------------------------------------------------
iteration 2
c =

  -1  -1  -1  -1   0   0   0   0   0   0   0   0   0   0   0   0   0   0   0

b =

    9    9    9    9    7    7    7    7    7    7    4    4    4    4   10

current_value =  10
basis =

    1    5    6    7    8    9   10   11   12   13   14   16   17   18   19

M =

   1   1   1   0   1   0   0   0   0   0   0   0   0   0   0   0   0   0   0
   0   1   1   1   0   1   0   0   0   0   0   0   0   0   0   0   0   0   0
   1   0   1   1   0   0   1   0   0   0   0   0   0   0   0   0   0   0   0
   1   1   0   1   0   0   0   1   0   0   0   0   0   0   0   0   0   0   0
   1   1   0   0   0   0   0   0   1   0   0   0   0   0   0   0   0   0   0
   0   1   1   0   0   0   0   0   0   1   0   0   0   0   0   0   0   0   0
   0   0   1   1   0   0   0   0   0   0   1   0   0   0   0   0   0   0   0
   1   0   1   0   0   0   0   0   0   0   0   1   0   0   0   0   0   0   0
   0   1   0   1   0   0   0   0   0   0   0   0   1   0   0   0   0   0   0
   1   0   0   1   0   0   0   0   0   0   0   0   0   1   0   0   0   0   0
   1   0   0   0   0   0   0   0   0   0   0   0   0   0   1   0   0   0   0
   0   1   0   0   0   0   0   0   0   0   0   0   0   0   0   1   0   0   0
   0   0   1   0   0   0   0   0   0   0   0   0   0   0   0   0   1   0   0
   0   0   0   1   0   0   0   0   0   0   0   0   0   0   0   0   0   1   0
   1   1   1   1   0   0   0   0   0   0   0   0   0   0   0   0   0   0   1

B =

   1   1   0   0   0   0   0   0   0   0   0   0   0   0   0
   0   0   1   0   0   0   0   0   0   0   0   0   0   0   0
   1   0   0   1   0   0   0   0   0   0   0   0   0   0   0
   1   0   0   0   1   0   0   0   0   0   0   0   0   0   0
   1   0   0   0   0   1   0   0   0   0   0   0   0   0   0
   0   0   0   0   0   0   1   0   0   0   0   0   0   0   0
   0   0   0   0   0   0   0   1   0   0   0   0   0   0   0
   1   0   0   0   0   0   0   0   1   0   0   0   0   0   0
   0   0   0   0   0   0   0   0   0   1   0   0   0   0   0
   1   0   0   0   0   0   0   0   0   0   1   0   0   0   0
   1   0   0   0   0   0   0   0   0   0   0   0   0   0   0
   0   0   0   0   0   0   0   0   0   0   0   1   0   0   0
   0   0   0   0   0   0   0   0   0   0   0   0   1   0   0
   0   0   0   0   0   0   0   0   0   0   0   0   0   1   0
   1   0   0   0   0   0   0   0   0   0   0   0   0   0   1

N =

   1   1   0   0
   1   1   1   0
   0   1   1   0
   1   0   1   0
   1   0   0   0
   1   1   0   0
   0   1   1   0
   0   1   0   0
   1   0   1   0
   0   0   1   0
   0   0   0   1
   1   0   0   0
   0   1   0   0
   0   0   1   0
   1   1   1   0

B_inv =

   0   0   0   0   0   0   0   0   0   0   1   0   0   0  -0
   1   0   0   0   0   0   0   0   0   0  -1   0   0   0  -0
   0   1   0   0   0   0   0   0   0   0   0   0   0   0  -0
   0   0   1   0   0   0   0   0   0   0  -1   0   0   0  -0
   0   0   0   1   0   0   0   0   0   0  -1   0   0   0  -0
   0   0   0   0   1   0   0   0   0   0  -1   0   0   0  -0
   0   0   0   0   0   1   0   0   0   0   0   0   0   0  -0
   0   0   0   0   0   0   1   0   0   0   0   0   0   0  -0
   0   0   0   0   0   0   0   1   0   0  -1   0   0   0  -0
   0   0   0   0   0   0   0   0   1   0   0   0   0   0  -0
   0   0   0   0   0   0   0   0   0   1  -1   0   0   0  -0
   0   0   0   0   0   0   0   0   0   0   0   1   0   0  -0
   0   0   0   0   0   0   0   0   0   0   0   0   1   0  -0
   0   0   0   0   0   0   0   0   0   0   0   0   0   1  -0
   0   0   0   0   0   0   0   0   0   0  -1   0   0   0   1

lambda =

   0   0   0   0   0   0   0   0   0   0  -1   0   0   0   0

reduced_cost =

   0  -1  -1  -1   0   0   0   0   0   0   0   0   0   0   1   0   0   0   0

value =  6
enters column:
 2
exits column:
 9
--------------------------------------------------
iteration 3
c =

   0  -1  -1  -1   0   0   0   0   0   0   0   0   0   0   1   0   0   0   0

b =

   4   5   9   5   5   3   7   7   3   7   3   4   4   4   6

current_value =  6
basis =

    1    2    5    6    7    8   10   11   12   13   14   16   17   18   19

M =

   1   0   0   0   0   0   0   0   0   0   0   0   0   0   1   0   0   0   0
   0   1   1   0   1   0   0   0   0   0   0   0   0   0  -1   0   0   0   0
   0   1   1   1   0   1   0   0   0   0   0   0   0   0   0   0   0   0   0
   0   0   1   1   0   0   1   0   0   0   0   0   0   0  -1   0   0   0   0
   0   1   0   1   0   0   0   1   0   0   0   0   0   0  -1   0   0   0   0
   0   1   0   0   0   0   0   0   1   0   0   0   0   0  -1   0   0   0   0
   0   1   1   0   0   0   0   0   0   1   0   0   0   0   0   0   0   0   0
   0   0   1   1   0   0   0   0   0   0   1   0   0   0   0   0   0   0   0
   0   0   1   0   0   0   0   0   0   0   0   1   0   0  -1   0   0   0   0
   0   1   0   1   0   0   0   0   0   0   0   0   1   0   0   0   0   0   0
   0   0   0   1   0   0   0   0   0   0   0   0   0   1  -1   0   0   0   0
   0   1   0   0   0   0   0   0   0   0   0   0   0   0   0   1   0   0   0
   0   0   1   0   0   0   0   0   0   0   0   0   0   0   0   0   1   0   0
   0   0   0   1   0   0   0   0   0   0   0   0   0   0   0   0   0   1   0
   0   1   1   1   0   0   0   0   0   0   0   0   0   0  -1   0   0   0   1

B =

   1   0   0   0   0   0   0   0   0   0   0   0   0   0   0
   0   1   1   0   0   0   0   0   0   0   0   0   0   0   0
   0   1   0   1   0   0   0   0   0   0   0   0   0   0   0
   0   0   0   0   1   0   0   0   0   0   0   0   0   0   0
   0   1   0   0   0   1   0   0   0   0   0   0   0   0   0
   0   1   0   0   0   0   0   0   0   0   0   0   0   0   0
   0   1   0   0   0   0   1   0   0   0   0   0   0   0   0
   0   0   0   0   0   0   0   1   0   0   0   0   0   0   0
   0   0   0   0   0   0   0   0   1   0   0   0   0   0   0
   0   1   0   0   0   0   0   0   0   1   0   0   0   0   0
   0   0   0   0   0   0   0   0   0   0   1   0   0   0   0
   0   1   0   0   0   0   0   0   0   0   0   1   0   0   0
   0   0   0   0   0   0   0   0   0   0   0   0   1   0   0
   0   0   0   0   0   0   0   0   0   0   0   0   0   1   0
   0   1   0   0   0   0   0   0   0   0   0   0   0   0   1

N =

   0   0   0   1
   1   0   0  -1
   1   1   0   0
   1   1   0  -1
   0   1   0  -1
   0   0   1  -1
   1   0   0   0
   1   1   0   0
   1   0   0  -1
   0   1   0   0
   0   1   0  -1
   0   0   0   0
   1   0   0   0
   0   1   0   0
   1   1   0  -1

B_inv =

   1   0   0   0   0   0   0   0   0   0   0   0   0   0  -0
   0   0   0   0   0   1   0   0   0   0   0   0   0   0  -0
   0   1   0   0   0  -1   0   0   0   0   0   0   0   0  -0
   0   0   1   0   0  -1   0   0   0   0   0   0   0   0  -0
   0   0   0   1   0   0   0   0   0   0   0   0   0   0  -0
   0   0   0   0   1  -1   0   0   0   0   0   0   0   0  -0
   0   0   0   0   0  -1   1   0   0   0   0   0   0   0  -0
   0   0   0   0   0   0   0   1   0   0   0   0   0   0  -0
   0   0   0   0   0   0   0   0   1   0   0   0   0   0  -0
   0   0   0   0   0  -1   0   0   0   1   0   0   0   0  -0
   0   0   0   0   0   0   0   0   0   0   1   0   0   0  -0
   0   0   0   0   0  -1   0   0   0   0   0   1   0   0  -0
   0   0   0   0   0   0   0   0   0   0   0   0   1   0  -0
   0   0   0   0   0   0   0   0   0   0   0   0   0   1  -0
   0   0   0   0   0  -1   0   0   0   0   0   0   0   0   1

lambda =

   0   0   0   0   0  -1   0   0   0   0   0   0   0   0   0

reduced_cost =

   0   0  -1  -1   0   0   0   0   1   0   0   0   0   0   0   0   0   0   0

value =  3
enters column:
 3
exits column:
 5
--------------------------------------------------
iteration 4
c =

   0   0  -1  -1   0   0   0   0   1   0   0   0   0   0   0   0   0   0   0

b =

   4   3   2   6   5   2   4   7   3   4   3   1   4   4   3

current_value =  3
basis =

    1    2    3    6    7    8   10   11   12   13   14   16   17   18   19

M =

   1   0   0   0   0   0   0   0   0   0   0   0   0   0   1   0   0   0   0
   0   1   0   0   0   0   0   0   1   0   0   0   0   0  -1   0   0   0   0
   0   0   1   0   1   0   0   0  -1   0   0   0   0   0   0   0   0   0   0
   0   0   1   1   0   1   0   0  -1   0   0   0   0   0   1   0   0   0   0
   0   0   1   1   0   0   1   0   0   0   0   0   0   0  -1   0   0   0   0
   0   0   0   1   0   0   0   1  -1   0   0   0   0   0   0   0   0   0   0
   0   0   1   0   0   0   0   0  -1   1   0   0   0   0   1   0   0   0   0
   0   0   1   1   0   0   0   0   0   0   1   0   0   0   0   0   0   0   0
   0   0   1   0   0   0   0   0   0   0   0   1   0   0  -1   0   0   0   0
   0   0   0   1   0   0   0   0  -1   0   0   0   1   0   1   0   0   0   0
   0   0   0   1   0   0   0   0   0   0   0   0   0   1  -1   0   0   0   0
   0   0   0   0   0   0   0   0  -1   0   0   0   0   0   1   1   0   0   0
   0   0   1   0   0   0   0   0   0   0   0   0   0   0   0   0   1   0   0
   0   0   0   1   0   0   0   0   0   0   0   0   0   0   0   0   0   1   0
   0   0   1   1   0   0   0   0  -1   0   0   0   0   0   0   0   0   0   1

B =

   1   0   0   0   0   0   0   0   0   0   0   0   0   0   0
   0   1   0   0   0   0   0   0   0   0   0   0   0   0   0
   0   0   1   0   0   0   0   0   0   0   0   0   0   0   0
   0   0   1   1   0   0   0   0   0   0   0   0   0   0   0
   0   0   1   0   1   0   0   0   0   0   0   0   0   0   0
   0   0   0   0   0   1   0   0   0   0   0   0   0   0   0
   0   0   1   0   0   0   1   0   0   0   0   0   0   0   0
   0   0   1   0   0   0   0   1   0   0   0   0   0   0   0
   0   0   1   0   0   0   0   0   1   0   0   0   0   0   0
   0   0   0   0   0   0   0   0   0   1   0   0   0   0   0
   0   0   0   0   0   0   0   0   0   0   1   0   0   0   0
   0   0   0   0   0   0   0   0   0   0   0   1   0   0   0
   0   0   1   0   0   0   0   0   0   0   0   0   1   0   0
   0   0   0   0   0   0   0   0   0   0   0   0   0   1   0
   0   0   1   0   0   0   0   0   0   0   0   0   0   0   1

N =

   0   0   0   1
   0   0   1  -1
   0   1  -1   0
   1   0  -1   1
   1   0   0  -1
   1   0  -1   0
   0   0  -1   1
   1   0   0   0
   0   0   0  -1
   1   0  -1   1
   1   0   0  -1
   0   0  -1   1
   0   0   0   0
   1   0   0   0
   1   0  -1   0

B_inv =

   1   0   0   0   0   0   0   0   0   0   0   0   0   0   0
  -0   1   0   0   0   0   0   0   0   0   0   0   0   0   0
  -0  -0   1   0   0   0   0   0   0   0   0   0   0   0   0
  -0  -0  -1   1   0   0   0   0   0   0   0   0   0   0   0
  -0  -0  -1  -0   1   0   0   0   0   0   0   0   0   0   0
  -0  -0  -0  -0  -0   1   0   0   0   0   0   0   0   0   0
  -0  -0  -1  -0  -0  -0   1   0   0   0   0   0   0   0   0
  -0  -0  -1  -0  -0  -0  -0   1   0   0   0   0   0   0   0
  -0  -0  -1  -0  -0  -0  -0  -0   1   0   0   0   0   0   0
  -0  -0  -0  -0  -0  -0  -0  -0  -0   1   0   0   0   0   0
  -0  -0  -0  -0  -0  -0  -0  -0  -0  -0   1   0   0   0   0
  -0  -0  -0  -0  -0  -0  -0  -0  -0  -0  -0   1   0   0   0
  -0  -0  -1  -0  -0  -0  -0  -0  -0  -0  -0  -0   1   0   0
  -0  -0  -0  -0  -0  -0  -0  -0  -0  -0  -0  -0  -0   1   0
  -0  -0  -1  -0  -0  -0  -0  -0  -0  -0  -0  -0  -0  -0   1

lambda =

   0   0  -1   0   0   0   0   0   0   0   0   0   0   0   0

reduced_cost =

   0   0   0  -1   1   0   0   0   0   0   0   0   0   0   0   0   0   0   0

value =  1
enters column:
 4
exits column:
 19
--------------------------------------------------
iteration 5
c =

   0   0   0  -1   1   0   0   0   0   0   0   0   0   0   0   0   0   0   0

b =

   4   3   2   4   3   2   2   5   1   4   3   1   2   4   1

current_value =  1
basis =

    1    2    3    4    6    7    8   10   11   12   13   14   16   17   18

M =

   1   0   0   0   0   0   0   0   0   0   0   0   0   0   1   0   0   0   0
   0   1   0   0   0   0   0   0   1   0   0   0   0   0  -1   0   0   0   0
   0   0   1   0   1   0   0   0  -1   0   0   0   0   0   0   0   0   0   0
   0   0   0   1  -1   1   0   0   0   0   0   0   0   0   1   0   0   0   0
   0   0   0   1  -1   0   1   0   1   0   0   0   0   0  -1   0   0   0   0
   0   0   0   1   0   0   0   1  -1   0   0   0   0   0   0   0   0   0   0
   0   0   0   0  -1   0   0   0   0   1   0   0   0   0   1   0   0   0   0
   0   0   0   1  -1   0   0   0   1   0   1   0   0   0   0   0   0   0   0
   0   0   0   0  -1   0   0   0   1   0   0   1   0   0  -1   0   0   0   0
   0   0   0   1   0   0   0   0  -1   0   0   0   1   0   1   0   0   0   0
   0   0   0   1   0   0   0   0   0   0   0   0   0   1  -1   0   0   0   0
   0   0   0   0   0   0   0   0  -1   0   0   0   0   0   1   1   0   0   0
   0   0   0   0  -1   0   0   0   1   0   0   0   0   0   0   0   1   0   0
   0   0   0   1   0   0   0   0   0   0   0   0   0   0   0   0   0   1   0
   0   0   0   1  -1   0   0   0   0   0   0   0   0   0   0   0   0   0   1

B =

   1   0   0   0   0   0   0   0   0   0   0   0   0   0   0
   0   1   0   0   0   0   0   0   0   0   0   0   0   0   0
   0   0   1   0   0   0   0   0   0   0   0   0   0   0   0
   0   0   0   1   1   0   0   0   0   0   0   0   0   0   0
   0   0   0   1   0   1   0   0   0   0   0   0   0   0   0
   0   0   0   1   0   0   1   0   0   0   0   0   0   0   0
   0   0   0   0   0   0   0   1   0   0   0   0   0   0   0
   0   0   0   1   0   0   0   0   1   0   0   0   0   0   0
   0   0   0   0   0   0   0   0   0   1   0   0   0   0   0
   0   0   0   1   0   0   0   0   0   0   1   0   0   0   0
   0   0   0   1   0   0   0   0   0   0   0   1   0   0   0
   0   0   0   0   0   0   0   0   0   0   0   0   1   0   0
   0   0   0   0   0   0   0   0   0   0   0   0   0   1   0
   0   0   0   1   0   0   0   0   0   0   0   0   0   0   1
   0   0   0   1   0   0   0   0   0   0   0   0   0   0   0

N =

   0   0   1   0
   0   1  -1   0
   1  -1   0   0
  -1   0   1   0
  -1   1  -1   0
   0  -1   0   0
  -1   0   1   0
  -1   1   0   0
  -1   1  -1   0
   0  -1   1   0
   0   0  -1   0
   0  -1   1   0
  -1   1   0   0
   0   0   0   0
  -1   0   0   1

B_inv =

   1   0   0   0   0   0   0   0   0   0   0   0  -0   0   0
   0   1   0   0   0   0   0   0   0   0   0   0  -0   0   0
   0   0   1   0   0   0   0   0   0   0   0   0  -0   0   0
   0   0   0   0   0   0   0   0   0   0   0   0  -0   0   1
   0   0   0   1   0   0   0   0   0   0   0   0   0   0  -1
   0   0   0   0   1   0   0   0   0   0   0   0   0   0  -1
   0   0   0   0   0   1   0   0   0   0   0   0   0   0  -1
   0   0   0   0   0   0   1   0   0   0   0   0  -0   0   0
   0   0   0   0   0   0   0   1   0   0   0   0   0   0  -1
   0   0   0   0   0   0   0   0   1   0   0   0  -0   0   0
   0   0   0   0   0   0   0   0   0   1   0   0   0   0  -1
   0   0   0   0   0   0   0   0   0   0   1   0   0   0  -1
   0   0   0   0   0   0   0   0   0   0   0   1  -0   0   0
   0   0   0   0   0   0   0   0   0   0   0   0   1   0   0
   0   0   0   0   0   0   0   0   0   0   0   0   0   1  -1

lambda =

   0   0   0   0   0   0   0   0   0   0   0   0   0   0  -1

reduced_cost =

   0   0   0   0   0   0   0   0   0   0   0   0   0   0   0   0   0   0   1

value = 0
Optimum found.
Value: 
0
Total number of iterations:
 5
x =

   4   3   2   1   0   3   2   1   0   2   4   1   3   2   0   1   2   3   0

M_f =

   1   0   0   0   0   0   0   0   0   0   0   0   0   0   1   0   0   0   0
   0   1   0   0   0   0   0   0   1   0   0   0   0   0  -1   0   0   0   0
   0   0   1   0   1   0   0   0  -1   0   0   0   0   0   0   0   0   0   0
   0   0   0   1  -1   0   0   0   0   0   0   0   0   0   0   0   0   0   1
   0   0   0   0   0   1   0   0   0   0   0   0   0   0   1   0   0   0  -1
   0   0   0   0   0   0   1   0   1   0   0   0   0   0  -1   0   0   0  -1
   0   0   0   0   1   0   0   1  -1   0   0   0   0   0   0   0   0   0  -1
   0   0   0   0  -1   0   0   0   0   1   0   0   0   0   1   0   0   0   0
   0   0   0   0   0   0   0   0   1   0   1   0   0   0   0   0   0   0  -1
   0   0   0   0  -1   0   0   0   1   0   0   1   0   0  -1   0   0   0   0
   0   0   0   0   1   0   0   0  -1   0   0   0   1   0   1   0   0   0  -1
   0   0   0   0   1   0   0   0   0   0   0   0   0   1  -1   0   0   0  -1
   0   0   0   0   0   0   0   0  -1   0   0   0   0   0   1   1   0   0   0
   0   0   0   0  -1   0   0   0   1   0   0   0   0   0   0   0   1   0   0
   0   0   0   0   1   0   0   0   0   0   0   0   0   0   0   0   0   1  -1

b_f =

   4   3   2   1   3   2   1   2   4   1   3   2   1   2   3

basis_f =

    1    2    3    4    6    7    8   10   11   12   13   14   16   17   18

value = 0
feasible solution found, starting to optimize solution.
starting!
*******************************************
iteration 1
c =

  -2  -3  -1  -5  -0  -0  -0  -0  -0  -0  -0  -0  -0  -0  -0  -0  -0  -0

b =

   4   3   2   1   3   2   1   2   4   1   3   2   1   2   3

current_value = 0
basis =

    1    2    3    4    6    7    8   10   11   12   13   14   16   17   18

M =

   1   0   0   0   0   0   0   0   0   0   0   0   0   0   1   0   0   0
   0   1   0   0   0   0   0   0   1   0   0   0   0   0  -1   0   0   0
   0   0   1   0   1   0   0   0  -1   0   0   0   0   0   0   0   0   0
   0   0   0   1  -1   0   0   0   0   0   0   0   0   0   0   0   0   0
   0   0   0   0   0   1   0   0   0   0   0   0   0   0   1   0   0   0
   0   0   0   0   0   0   1   0   1   0   0   0   0   0  -1   0   0   0
   0   0   0   0   1   0   0   1  -1   0   0   0   0   0   0   0   0   0
   0   0   0   0  -1   0   0   0   0   1   0   0   0   0   1   0   0   0
   0   0   0   0   0   0   0   0   1   0   1   0   0   0   0   0   0   0
   0   0   0   0  -1   0   0   0   1   0   0   1   0   0  -1   0   0   0
   0   0   0   0   1   0   0   0  -1   0   0   0   1   0   1   0   0   0
   0   0   0   0   1   0   0   0   0   0   0   0   0   1  -1   0   0   0
   0   0   0   0   0   0   0   0  -1   0   0   0   0   0   1   1   0   0
   0   0   0   0  -1   0   0   0   1   0   0   0   0   0   0   0   1   0
   0   0   0   0   1   0   0   0   0   0   0   0   0   0   0   0   0   1

B =

   1   0   0   0   0   0   0   0   0   0   0   0   0   0   0
   0   1   0   0   0   0   0   0   0   0   0   0   0   0   0
   0   0   1   0   0   0   0   0   0   0   0   0   0   0   0
   0   0   0   1   0   0   0   0   0   0   0   0   0   0   0
   0   0   0   0   1   0   0   0   0   0   0   0   0   0   0
   0   0   0   0   0   1   0   0   0   0   0   0   0   0   0
   0   0   0   0   0   0   1   0   0   0   0   0   0   0   0
   0   0   0   0   0   0   0   1   0   0   0   0   0   0   0
   0   0   0   0   0   0   0   0   1   0   0   0   0   0   0
   0   0   0   0   0   0   0   0   0   1   0   0   0   0   0
   0   0   0   0   0   0   0   0   0   0   1   0   0   0   0
   0   0   0   0   0   0   0   0   0   0   0   1   0   0   0
   0   0   0   0   0   0   0   0   0   0   0   0   1   0   0
   0   0   0   0   0   0   0   0   0   0   0   0   0   1   0
   0   0   0   0   0   0   0   0   0   0   0   0   0   0   1

N =

   0   0   1
   0   1  -1
   1  -1   0
  -1   0   0
   0   0   1
   0   1  -1
   1  -1   0
  -1   0   1
   0   1   0
  -1   1  -1
   1  -1   1
   1   0  -1
   0  -1   1
  -1   1   0
   1   0   0

B_inv =

   1  -0  -0  -0  -0  -0  -0  -0  -0  -0  -0  -0  -0  -0  -0
   0   1  -0  -0  -0  -0  -0  -0  -0  -0  -0  -0  -0  -0  -0
   0   0   1  -0  -0  -0  -0  -0  -0  -0  -0  -0  -0  -0  -0
   0   0   0   1  -0  -0  -0  -0  -0  -0  -0  -0  -0  -0  -0
   0   0   0   0   1  -0  -0  -0  -0  -0  -0  -0  -0  -0  -0
   0   0   0   0   0   1  -0  -0  -0  -0  -0  -0  -0  -0  -0
   0   0   0   0   0   0   1  -0  -0  -0  -0  -0  -0  -0  -0
   0   0   0   0   0   0   0   1  -0  -0  -0  -0  -0  -0  -0
   0   0   0   0   0   0   0   0   1  -0  -0  -0  -0  -0  -0
   0   0   0   0   0   0   0   0   0   1  -0  -0  -0  -0  -0
   0   0   0   0   0   0   0   0   0   0   1  -0  -0  -0  -0
   0   0   0   0   0   0   0   0   0   0   0   1  -0  -0  -0
   0   0   0   0   0   0   0   0   0   0   0   0   1  -0  -0
   0   0   0   0   0   0   0   0   0   0   0   0   0   1  -0
   0   0   0   0   0   0   0   0   0   0   0   0   0   0   1

lambda =

  -2  -3  -1  -5   0   0   0   0   0   0   0   0   0   0   0

reduced_cost =

   0   0   0   0  -4   0   0   0   2   0   0   0   0   0  -1   0   0   0

value = -24
enters column:
 5
exits column:
 8
--------------------------------------------------
iteration 2
c =

   0   0   0   0  -4   0   0   0   2   0   0   0   0   0  -1   0   0   0

b =

   4   3   2   1   3   2   1   2   4   1   3   2   1   2   3

current_value = -24
basis =

    1    2    3    4    5    6    7   10   11   12   13   14   16   17   18

M =

   1   0   0   0   0   0   0   0   0   0   0   0   0   0   1   0   0   0
   0   1   0   0   0   0   0   0   1   0   0   0   0   0  -1   0   0   0
   0   0   1   0   1   0   0   0  -1   0   0   0   0   0   0   0   0   0
   0   0   0   1  -1   0   0   0   0   0   0   0   0   0   0   0   0   0
   0   0   0   0   0   1   0   0   0   0   0   0   0   0   1   0   0   0
   0   0   0   0   0   0   1   0   1   0   0   0   0   0  -1   0   0   0
   0   0   0   0   1   0   0   1  -1   0   0   0   0   0   0   0   0   0
   0   0   0   0  -1   0   0   0   0   1   0   0   0   0   1   0   0   0
   0   0   0   0   0   0   0   0   1   0   1   0   0   0   0   0   0   0
   0   0   0   0  -1   0   0   0   1   0   0   1   0   0  -1   0   0   0
   0   0   0   0   1   0   0   0  -1   0   0   0   1   0   1   0   0   0
   0   0   0   0   1   0   0   0   0   0   0   0   0   1  -1   0   0   0
   0   0   0   0   0   0   0   0  -1   0   0   0   0   0   1   1   0   0
   0   0   0   0  -1   0   0   0   1   0   0   0   0   0   0   0   1   0
   0   0   0   0   1   0   0   0   0   0   0   0   0   0   0   0   0   1

B =

   1   0   0   0   0   0   0   0   0   0   0   0   0   0   0
   0   1   0   0   0   0   0   0   0   0   0   0   0   0   0
   0   0   1   0   1   0   0   0   0   0   0   0   0   0   0
   0   0   0   1  -1   0   0   0   0   0   0   0   0   0   0
   0   0   0   0   0   1   0   0   0   0   0   0   0   0   0
   0   0   0   0   0   0   1   0   0   0   0   0   0   0   0
   0   0   0   0   1   0   0   0   0   0   0   0   0   0   0
   0   0   0   0  -1   0   0   1   0   0   0   0   0   0   0
   0   0   0   0   0   0   0   0   1   0   0   0   0   0   0
   0   0   0   0  -1   0   0   0   0   1   0   0   0   0   0
   0   0   0   0   1   0   0   0   0   0   1   0   0   0   0
   0   0   0   0   1   0   0   0   0   0   0   1   0   0   0
   0   0   0   0   0   0   0   0   0   0   0   0   1   0   0
   0   0   0   0  -1   0   0   0   0   0   0   0   0   1   0
   0   0   0   0   1   0   0   0   0   0   0   0   0   0   1

N =

   0   0   1
   0   1  -1
   0  -1   0
   0   0   0
   0   0   1
   0   1  -1
   1  -1   0
   0   0   1
   0   1   0
   0   1  -1
   0  -1   1
   0   0  -1
   0  -1   1
   0   1   0
   0   0   0

B_inv =

   1   0   0   0   0   0   0   0   0   0   0   0   0   0  -0
   0   1   0   0   0   0   0   0   0   0   0   0   0   0  -0
   0   0   1   0   0   0  -1   0   0   0   0   0   0   0  -0
   0   0   0   1   0   0   1   0   0   0   0   0   0   0  -0
   0   0   0   0   0   0   1   0   0   0   0   0   0   0  -0
   0   0   0   0   1   0   0   0   0   0   0   0   0   0  -0
   0   0   0   0   0   1   0   0   0   0   0   0   0   0  -0
   0   0   0   0   0   0   1   1   0   0   0   0   0   0  -0
   0   0   0   0   0   0   0   0   1   0   0   0   0   0  -0
   0   0   0   0   0   0   1   0   0   1   0   0   0   0  -0
   0   0   0   0   0   0  -1   0   0   0   1   0   0   0  -0
   0   0   0   0   0   0  -1   0   0   0   0   1   0   0  -0
   0   0   0   0   0   0   0   0   0   0   0   0   1   0  -0
   0   0   0   0   0   0   1   0   0   0   0   0   0   1  -0
   0   0   0   0   0   0  -1   0   0   0   0   0   0   0   1

lambda =

   0   0   0   0   0   0  -4   0   0   0   0   0   0   0   0

reduced_cost =

   0   0   0   0   0   0   0   4  -2   0   0   0   0   0  -1   0   0   0

value = -28
enters column:
 9
exits column:
 14
--------------------------------------------------
iteration 3
c =

   0   0   0   0   0   0   0   4  -2   0   0   0   0   0  -1   0   0   0

b =

   4   3   1   2   1   3   2   3   4   2   2   1   1   3   2

current_value = -28
basis =

    1    2    3    4    5    6    7    9   10   11   12   13   16   17   18

M =

   1   0   0   0   0   0   0   0   0   0   0   0   0   0   1   0   0   0
   0   1   0   0   0   0   0   0   1   0   0   0   0   0  -1   0   0   0
   0   0   1   0   0   0   0  -1   0   0   0   0   0   0   0   0   0   0
   0   0   0   1   0   0   0   1  -1   0   0   0   0   0   0   0   0   0
   0   0   0   0   1   0   0   1  -1   0   0   0   0   0   0   0   0   0
   0   0   0   0   0   1   0   0   0   0   0   0   0   0   1   0   0   0
   0   0   0   0   0   0   1   0   1   0   0   0   0   0  -1   0   0   0
   0   0   0   0   0   0   0   1  -1   1   0   0   0   0   1   0   0   0
   0   0   0   0   0   0   0   0   1   0   1   0   0   0   0   0   0   0
   0   0   0   0   0   0   0   1   0   0   0   1   0   0  -1   0   0   0
   0   0   0   0   0   0   0  -1   0   0   0   0   1   0   1   0   0   0
   0   0   0   0   0   0   0  -1   1   0   0   0   0   1  -1   0   0   0
   0   0   0   0   0   0   0   0  -1   0   0   0   0   0   1   1   0   0
   0   0   0   0   0   0   0   1   0   0   0   0   0   0   0   0   1   0
   0   0   0   0   0   0   0  -1   1   0   0   0   0   0   0   0   0   1

B =

   1   0   0   0   0   0   0   0   0   0   0   0   0   0   0
   0   1   0   0   0   0   0   1   0   0   0   0   0   0   0
   0   0   1   0   0   0   0   0   0   0   0   0   0   0   0
   0   0   0   1   0   0   0  -1   0   0   0   0   0   0   0
   0   0   0   0   1   0   0  -1   0   0   0   0   0   0   0
   0   0   0   0   0   1   0   0   0   0   0   0   0   0   0
   0   0   0   0   0   0   1   1   0   0   0   0   0   0   0
   0   0   0   0   0   0   0  -1   1   0   0   0   0   0   0
   0   0   0   0   0   0   0   1   0   1   0   0   0   0   0
   0   0   0   0   0   0   0   0   0   0   1   0   0   0   0
   0   0   0   0   0   0   0   0   0   0   0   1   0   0   0
   0   0   0   0   0   0   0   1   0   0   0   0   0   0   0
   0   0   0   0   0   0   0  -1   0   0   0   0   1   0   0
   0   0   0   0   0   0   0   0   0   0   0   0   0   1   0
   0   0   0   0   0   0   0   1   0   0   0   0   0   0   1

N =

   0   0   1
   0   0  -1
  -1   0   0
   1   0   0
   1   0   0
   0   0   1
   0   0  -1
   1   0   1
   0   0   0
   1   0  -1
  -1   0   1
  -1   1  -1
   0   0   1
   1   0   0
  -1   0   0

B_inv =

   1   0   0   0   0   0   0   0   0   0   0   0   0   0  -0
   0   1   0   0   0   0   0   0   0   0   0  -1   0   0  -0
   0   0   1   0   0   0   0   0   0   0   0   0   0   0  -0
   0   0   0   1   0   0   0   0   0   0   0   1   0   0  -0
   0   0   0   0   1   0   0   0   0   0   0   1   0   0  -0
   0   0   0   0   0   1   0   0   0   0   0   0   0   0  -0
   0   0   0   0   0   0   1   0   0   0   0  -1   0   0  -0
   0   0   0   0   0   0   0   0   0   0   0   1   0   0  -0
   0   0   0   0   0   0   0   1   0   0   0   1   0   0  -0
   0   0   0   0   0   0   0   0   1   0   0  -1   0   0  -0
   0   0   0   0   0   0   0   0   0   1   0   0   0   0  -0
   0   0   0   0   0   0   0   0   0   0   1   0   0   0  -0
   0   0   0   0   0   0   0   0   0   0   0   1   1   0  -0
   0   0   0   0   0   0   0   0   0   0   0   0   0   1  -0
   0   0   0   0   0   0   0   0   0   0   0  -1   0   0   1

lambda =

   0   0   0   0   0   0   0   0   0   0   0  -2   0   0   0

reduced_cost =

   0   0   0   0   0   0   0   2   0   0   0   0   0   2  -3   0   0   0

value = -30
enters column:
 15
exits column:
 18
--------------------------------------------------
iteration 4
c =

   0   0   0   0   0   0   0   2   0   0   0   0   0   2  -3   0   0   0

b =

   4   2   1   3   2   3   1   1   4   3   2   2   2   3   1

current_value = -30
basis =

    1    2    3    4    5    6    7    9   10   11   12   13   15   16   17

M =

   1   0   0   0   0   0   0   0   0   0   0   0   0   0   1   0   0   0
   0   1   0   0   0   0   0   1   0   0   0   0   0  -1   0   0   0   0
   0   0   1   0   0   0   0  -1   0   0   0   0   0   0   0   0   0   0
   0   0   0   1   0   0   0   0   0   0   0   0   0   1  -1   0   0   0
   0   0   0   0   1   0   0   0   0   0   0   0   0   1  -1   0   0   0
   0   0   0   0   0   1   0   0   0   0   0   0   0   0   1   0   0   0
   0   0   0   0   0   0   1   1   0   0   0   0   0  -1   0   0   0   0
   0   0   0   0   0   0   0  -1   1   0   0   0   0   1  -1   0   0   0
   0   0   0   0   0   0   0   0   0   1   0   0   0   1   0   0   0   0
   0   0   0   0   0   0   0   1   0   0   1   0   0  -1   1   0   0   0
   0   0   0   0   0   0   0   1   0   0   0   1   0   0  -1   0   0   0
   0   0   0   0   0   0   0  -1   0   0   0   0   1   0   1   0   0   0
   0   0   0   0   0   0   0  -1   0   0   0   0   0   1   0   1   0   0
   0   0   0   0   0   0   0   1   0   0   0   0   0   0   0   0   1   0
   0   0   0   0   0   0   0   0   0   0   0   0   0  -1   1   0   0   1

B =

   1   0   0   0   0   0   0   0   0   0   0   0   1   0   0
   0   1   0   0   0   0   0   0   0   0   0   0   0   0   0
   0   0   1   0   0   0   0   0   0   0   0   0   0   0   0
   0   0   0   1   0   0   0   0   0   0   0   0  -1   0   0
   0   0   0   0   1   0   0   0   0   0   0   0  -1   0   0
   0   0   0   0   0   1   0   0   0   0   0   0   1   0   0
   0   0   0   0   0   0   1   0   0   0   0   0   0   0   0
   0   0   0   0   0   0   0   1   0   0   0   0  -1   0   0
   0   0   0   0   0   0   0   0   1   0   0   0   0   0   0
   0   0   0   0   0   0   0   0   0   1   0   0   1   0   0
   0   0   0   0   0   0   0   0   0   0   1   0  -1   0   0
   0   0   0   0   0   0   0   0   0   0   0   1   1   0   0
   0   0   0   0   0   0   0   0   0   0   0   0   0   1   0
   0   0   0   0   0   0   0   0   0   0   0   0   0   0   1
   0   0   0   0   0   0   0   0   0   0   0   0   1   0   0

N =

   0   0   0
   1  -1   0
  -1   0   0
   0   1   0
   0   1   0
   0   0   0
   1  -1   0
  -1   1   0
   0   1   0
   1  -1   0
   1   0   0
  -1   0   0
  -1   1   0
   1   0   0
   0  -1   1

B_inv =

   1   0   0   0   0   0   0   0   0   0   0   0   0  -0  -1
   0   1   0   0   0   0   0   0   0   0   0   0   0  -0   0
   0   0   1   0   0   0   0   0   0   0   0   0   0  -0   0
   0   0   0   1   0   0   0   0   0   0   0   0   0  -0   1
   0   0   0   0   1   0   0   0   0   0   0   0   0  -0   1
   0   0   0   0   0   1   0   0   0   0   0   0   0  -0  -1
   0   0   0   0   0   0   1   0   0   0   0   0   0  -0   0
   0   0   0   0   0   0   0   1   0   0   0   0   0  -0   1
   0   0   0   0   0   0   0   0   1   0   0   0   0  -0   0
   0   0   0   0   0   0   0   0   0   1   0   0   0  -0  -1
   0   0   0   0   0   0   0   0   0   0   1   0   0  -0   1
   0   0   0   0   0   0   0   0   0   0   0   1   0  -0  -1
   0   0   0   0   0   0   0   0   0   0   0   0   0  -0   1
   0   0   0   0   0   0   0   0   0   0   0   0   1  -0   0
   0   0   0   0   0   0   0   0   0   0   0   0   0   1   0

lambda =

   0   0   0   0   0   0   0   0   0   0   0   0   0   0  -3

reduced_cost =

   0   0   0   0   0   0   0   2   0   0   0   0   0  -1   0   0   0   3

value = -33
enters column:
 14
exits column:
 13
--------------------------------------------------
iteration 5
c =

   0   0   0   0   0   0   0   2   0   0   0   0   0  -1   0   0   0   3

b =

   3   2   1   4   3   2   1   2   4   2   3   1   1   2   3

current_value = -33
basis =

    1    2    3    4    5    6    7    9   10   11   12   14   15   16   17

M =

   1   0   0   0   0   0   0   0   0   0   0   0   0   1   0   0   0  -1
   0   1   0   0   0   0   0   1   0   0   0   0   0  -1   0   0   0   0
   0   0   1   0   0   0   0  -1   0   0   0   0   0   0   0   0   0   0
   0   0   0   1   0   0   0   0   0   0   0   0   0   0   0   0   0   1
   0   0   0   0   1   0   0   0   0   0   0   0   0   0   0   0   0   1
   0   0   0   0   0   1   0   0   0   0   0   0   0   1   0   0   0  -1
   0   0   0   0   0   0   1   1   0   0   0   0   0  -1   0   0   0   0
   0   0   0   0   0   0   0  -1   1   0   0   0   0   0   0   0   0   1
   0   0   0   0   0   0   0   0   0   1   0   0   0   1   0   0   0   0
   0   0   0   0   0   0   0   1   0   0   1   0   0   0   0   0   0  -1
   0   0   0   0   0   0   0   1   0   0   0   1   0  -1   0   0   0   1
   0   0   0   0   0   0   0  -1   0   0   0   0   1   1   0   0   0  -1
   0   0   0   0   0   0   0   0   0   0   0   0   0  -1   1   0   0   1
   0   0   0   0   0   0   0  -1   0   0   0   0   0   1   0   1   0   0
   0   0   0   0   0   0   0   1   0   0   0   0   0   0   0   0   1   0

B =

   1   0   0   0   0   0   0   0   0   0   0   1   0   0   0
   0   1   0   0   0   0   0   0   0   0   0  -1   0   0   0
   0   0   1   0   0   0   0   0   0   0   0   0   0   0   0
   0   0   0   1   0   0   0   0   0   0   0   0   0   0   0
   0   0   0   0   1   0   0   0   0   0   0   0   0   0   0
   0   0   0   0   0   1   0   0   0   0   0   1   0   0   0
   0   0   0   0   0   0   1   0   0   0   0  -1   0   0   0
   0   0   0   0   0   0   0   1   0   0   0   0   0   0   0
   0   0   0   0   0   0   0   0   1   0   0   1   0   0   0
   0   0   0   0   0   0   0   0   0   1   0   0   0   0   0
   0   0   0   0   0   0   0   0   0   0   1  -1   0   0   0
   0   0   0   0   0   0   0   0   0   0   0   1   0   0   0
   0   0   0   0   0   0   0   0   0   0   0  -1   1   0   0
   0   0   0   0   0   0   0   0   0   0   0   1   0   1   0
   0   0   0   0   0   0   0   0   0   0   0   0   0   0   1

N =

   0   0  -1
   1   0   0
  -1   0   0
   0   0   1
   0   0   1
   0   0  -1
   1   0   0
  -1   0   1
   0   0   0
   1   0  -1
   1   0   1
  -1   1  -1
   0   0   1
  -1   0   0
   1   0   0

B_inv =

   1   0   0   0   0   0   0   0   0   0   0  -1   0   0  -0
   0   1   0   0   0   0   0   0   0   0   0   1   0   0  -0
   0   0   1   0   0   0   0   0   0   0   0   0   0   0  -0
   0   0   0   1   0   0   0   0   0   0   0   0   0   0  -0
   0   0   0   0   1   0   0   0   0   0   0   0   0   0  -0
   0   0   0   0   0   1   0   0   0   0   0  -1   0   0  -0
   0   0   0   0   0   0   1   0   0   0   0   1   0   0  -0
   0   0   0   0   0   0   0   1   0   0   0   0   0   0  -0
   0   0   0   0   0   0   0   0   1   0   0  -1   0   0  -0
   0   0   0   0   0   0   0   0   0   1   0   0   0   0  -0
   0   0   0   0   0   0   0   0   0   0   1   1   0   0  -0
   0   0   0   0   0   0   0   0   0   0   0   1   0   0  -0
   0   0   0   0   0   0   0   0   0   0   0   1   1   0  -0
   0   0   0   0   0   0   0   0   0   0   0  -1   0   1  -0
   0   0   0   0   0   0   0   0   0   0   0   0   0   0   1

lambda =

   0   0   0   0   0   0   0   0   0   0   0  -1   0   0   0

reduced_cost =

   0   0   0   0   0   0   0   1   0   0   0   0   1   0   0   0   0   2

value = -34
Optimum found.
Value: 
-34
Total number of iterations:
 5
optimum value:
 34
ans =

   2   3   1   4   3   1   2   0   2   3   2   4   0   1   2   1   3   0